//  Input-size	    Naive-RT	    Student-RT
            10	          48	          1482
            20	          75	           281
            30	          27	           813
            40	          44	           416
            50	          70	           364
            60	          84	           228
            70	         444	           293
            80	          10	           224
            90	          12	           186
           100	          10	           166
           110	          18	           189
           120	          50	           375
           130	          16	           296
           140	          27	           214
           150	          36	           278
           160	          39	           200
           170	          38	           165
           180	         135	           241
           190	          55	           207
           200	          65	           305
           210	          67	           478
           220	         117	           395
           230	          83	           747
           240	         102	           433
           250	          99	           405
           260	         135	           491
           270	         109	           620
           280	         122	           628
           290	         140	           602
           300	         134	           664
           310	         273	           658
           320	         163	           617
           330	         228	          7229
           340	         306	           854
           350	         188	          2606
           360	         388	          1016
           370	         253	          1656
           380	         270	          1125
           390	         247	           474
           400	         250	           580
           410	         234	           421
           420	         268	           825
           430	         285	           509
           440	         298	           713
           450	         331	           701
           460	         375	           738
           470	         373	           566
           480	         328	           660
           490	         318	           463
           500	         313	           601
           510	         234	           346
           520	         242	           375
           530	         287	           612
           540	         265	           397
           550	         276	           387
           560	         267	           530
           570	         551	           834
           580	         300	           418
           590	         365	           766
           600	         538	           742
           610	         602	           962
           620	         439	           662
           630	         394	           486
           640	         364	           537
           650	         643	           931
           660	         429	           615
           670	         437	           540
           680	         434	           745
           690	         465	           645
           700	         460	           527
           710	         454	           496
           720	         487	           505
           730	         473	           470
           740	         493	           468
           750	         555	           502
           760	         560	           578
           770	         599	           814
           780	         581	           577
           790	         680	           763
           800	         720	           577
           810	         604	           533
           820	        1482	          1276
           830	         687	           667
           840	         687	           688
           850	         735	           684
           860	         798	           598
           870	         708	           724
           880	         770	           576
           890	         752	           593
           900	         763	          1100
           910	         797	           986
           920	         808	           684
           930	         830	           727
           940	         922	           688
           950	         877	           657
           960	         977	           790
           970	         907	           782
           980	         928	           740
           990	         942	           847
          1000	        1214	           832
          1010	        1072	           714
          1020	         992	           708
          1030	        1091	           782
          1040	        1040	           862
          1050	        1109	           969
          1060	        1113	          1857
          1070	        1222	           762
          1080	        1087	           739
          1090	        1131	           817
          1100	        1226	           965
          1110	        1249	           953
          1120	        1258	          1070
          1130	        1263	           962
          1140	        1326	           785
          1150	        1403	           868
          1160	        1387	          1013
          1170	        1329	           907
          1180	        1379	           873
          1190	        1359	           881
          1200	        1388	           900
          1210	        1429	           813
          1220	        1487	           954
          1230	        1478	           883
          1240	        1590	           918
          1250	        1534	           859
          1260	        1504	           855
          1270	        1688	           911
          1280	        1643	          1027
          1290	        1820	          1031
          1300	        1595	          1118
          1310	        1671	           960
          1320	        1695	          1006
          1330	        1738	           978
          1340	        1797	          1124
          1350	        1901	          1035
          1360	        1882	           971
          1370	        1859	           973
          1380	        2034	          1107
          1390	        1928	           963
          1400	        1954	           970
          1410	        1875	          1069
          1420	        2913	           980
          1430	        2035	          1054
          1440	        2077	          1115
          1450	        2099	          1001
          1460	        2762	          1063
          1470	        2209	          1119
          1480	        2445	          1105
          1490	        2320	          1103
          1500	        2228	          1042
          1510	        2234	          1108
          1520	        2350	          1025
          1530	        2372	          1129
          1540	        2328	          1089
          1550	        3514	          2032
          1560	        4947	          2265
          1570	        2476	          1181
          1580	        2379	          1073
          1590	        2649	          1237
          1600	        2620	          1309
          1610	        2667	          1622
          1620	        2771	          1400
          1630	        2713	          1154
          1640	        2741	          1256
          1650	        2695	          1170
          1660	        2605	          1153
          1670	        2664	          1174
          1680	        2730	          1414
          1690	        2749	          1342
          1700	        2792	          1289
          1710	        2814	          1202
          1720	        3156	          1399
          1730	        2933	          1303
          1740	        2912	          1311
          1750	        3022	          1377
          1760	        3223	          1251
          1770	        3210	          1287
          1780	        3043	          1286
          1790	        3341	          1429
          1800	        3297	          1338
          1810	        3220	          1509
          1820	        3261	          1332
          1830	        3486	          1646
          1840	        3297	          1381
          1850	        3340	          1427
          1860	        3847	          1567
          1870	        3408	          1351
          1880	        3842	          1414
          1890	        3491	          1548
          1900	        3510	          1549
          1910	        3694	          1412
          1920	        3645	          1468
          1930	        3822	          1574
          1940	        3900	          1457
          1950	        3673	          1429
          1960	        4019	          1956
          1970	        4014	          1535
          1980	        3829	          1562
          1990	        4646	          2009
          2000	        3999	          1693
          2010	        3996	          1522
          2020	        4099	          1851
          2030	        3970	          1730
          2040	        4069	          1601
          2050	        4241	          1621
          2060	        4321	          1562
          2070	        4183	          1545
          2080	        4395	          1708
          2090	        4394	          1741
          2100	        4387	          1583
          2110	        4411	          1665
          2120	        4490	          1910
          2130	        4466	          1638
          2140	        4624	          1742
          2150	        4679	          1629
          2160	        4776	          1657
          2170	        4725	          1817
          2180	        4651	          1670
          2190	        4880	          1720
          2200	        4991	          1652
          2210	        4876	          1668
          2220	        4914	          1915
          2230	        5049	          1691
          2240	        4991	          1766
          2250	        5069	          1708
          2260	        5129	          1740
          2270	        5106	          1799
          2280	        5107	          1744
          2290	        5298	          1761
          2300	        5413	          1730
          2310	        5170	          1919
          2320	        5593	          1837
          2330	        5482	          1764
          2340	        5599	          1940
          2350	        5527	          1828
          2360	        5552	          1979
          2370	        5733	          1835
          2380	        6083	          1896
          2390	        5695	          1911
          2400	        5747	          1933
          2410	        5731	          1997
          2420	        6082	          1818
          2430	        5956	          1820
          2440	        6003	          1984
          2450	        5889	          2036
          2460	        6018	          1937
          2470	        6260	          1878
          2480	        6161	          2064
          2490	        6112	          1835
          2500	        6201	          2021
