-3237 -4502
1887 -1067
3173 -2456
-3298 -2181
4331 -552
2909 -2521
-3655 1483
-1524 4160
2567 99
-4853 97
-106 322
-1124 -47
1413 -3027
-225 -1152
3907 -164
-1987 1392
911 -2288
-1487 -3555
284 4306
-2400 2011
2800 -1180
537 -4612
-949 2358
-4136 490
-2395 552
-4476 -3433
3376 -3065
-408 4318
797 -2458
3327 3029
-3558 -2087
-4664 434
-4151 -2687
3401 3127
380 3951
4656 2459
-4580 2983
-43 3383
4584 -829
1211 4505
-597 1168
-2123 -2360
4598 -919
4757 -2138
4861 -1185
-416 4619
3790 3857
-4323 3043
1067 3262
1884 4518
2313 2932
355 -769
-4063 1267
3700 1660
-1741 -2012
-966 2545
4171 2816
898 329
4380 -1202
1767 -2885
-1640 -2580
-795 3749
2465 3352
4479 -2297
4858 3900
-2980 -2466
2311 3429
-4580 715
-3788 -2226
-4103 128
-2847 -1890
-4743 3030
-22 1690
3839 2318
4196 -680
-687 -2350
4979 273
-3180 1831
-3287 3634
163 3570
-3334 3712
-1441 2900
-2325 -4187
-4544 -3453
-1576 -261
2730 1462
-1964 52
-293 -2372
-3397 -1020
-1088 -2806
932 -1653
-1721 2271
1122 4419
-4848 -3130
634 4626
300 1896
-2674 3164
-4008 -357
1560 2825
-3165 -1654
-3965 718
-534 4322
-2734 3467
4948 -3433
-2844 -1840
2217 -1935
-1089 -1475
-289 2518
-1319 836
556 -971
-474 -4611
-3201 2508
1852 1558
-4358 -2313
-4862 -2843
3272 -4378
2743 1356
764 4777
-1778 1159
1514 859
2887 -2972
3390 3832
4121 4128
-3478 -3877
-4356 4042
-1042 729
-3005 3110
-3488 -1884
-3546 -4351
-4501 -1139
1918 -2772
4355 297
-1559 4151
2294 591
3405 4923
-2418 3259
-3063 195
-3516 4786
1255 4840
-2178 -4926
1902 1064
-1399 517
3972 2003
3682 -3501
-2831 4113
-4163 2480
-4210 1779
4889 -1831
-1428 1221
-4517 3718
4082 -1572
-3177 -3859
3294 4562
381 -893
2812 3035
-4913 -2257
-1564 -4734
-447 3357
1614 -4315
-423 396
-4575 363
-4170 37
2057 -3826
3229 2760
4950 -2184
4527 -684
1889 846
806 2563
-2742 -4061
2462 3152
3852 3675
1888 -3786
882 1437
2730 -2602
-1053 291
3962 -4716
-199 -4207
-4055 127
2304 -4112
-3900 4219
-3543 -4682
-2522 -2451
1630 4948
402 -206
4768 3372
731 2636
572 4076
4534 2267
-4596 -2517
-1497 -3789
-1143 -3409
1049 -3265
2974 569
2682 3299
3897 1582
514 -3034
-550 4450
4996 1780
3198 2307
1740 -3026
1477 4607
137 -4148
1823 -3837
-2796 2081
4485 -1662
-4354 -3303
-1996 -802
-7 2018
-2572 -4346
2749 -3805
-3722 -4053
1226 -3971
1437 672
-467 2397
1172 4719
3995 -2197
-3907 4674
4650 483
3513 -1292
2591 -274
2323 -2587
-4734 571
-458 -3453
3518 1279
1887 -4916
-3259 4806
814 4845
833 2132
118 -3723
4068 -2979
-2812 2731
4305 1149
-1940 1016
3539 1510
1486 2067
3259 -2524
1896 136
2503 4222
-3867 -3805
-1618 3787
2051 -4033
632 -1235
-2558 -1546
-4726 2767
-4296 -1821
3983 807
-2846 2284
-2654 -4264
-1435 4565
-2951 4600
-4605 4659
1339 3032
-1063 -1185
-2319 389
4932 4546
4778 233
979 -4109
4873 -1585
-408 1178
-4246 1074
4825 -288
-3406 -3088
-4173 -731
3811 -4544
-1410 1838
734 461
-3541 1945
-109 1934
-1479 2286
628 1860
39 -2700
-4983 -2609
-3388 -1940
3884 -4387
4707 -4786
4180 -2000
3243 -1
2063 -1317
3530 444
2711 -1239
4873 -3387
2040 346
-6 4441
-4824 -550
318 3113
2692 -2192
-237 684
-1700 464
-3766 3967
1525 -803
-361 -650
4077 4975
1106 -908
-725 -564
-2469 -3149
2467 2327
2922 -4528
4585 498
-60 -1770
-4690 -2336
-3542 1589
-4426 1324
-1493 1646
186 3455
1593 1775
-3048 4066
4361 4006
4200 801
-284 -253
-4214 3960
-4565 3470
4059 3389
4295 -2750
1047 2345
-1026 -891
3352 -4188
4546 4453
-3092 -4052
1715 -4816
-4428 -1950
-3499 -3985
2681 2337
-532 3393
-1558 4476
-1069 496
-4560 -766
1597 562
2146 -3776
-973 4719
2804 820
-4661 3689
-2278 1098
4921 3116
2667 -2139
-4560 -3964
-111 -437
3329 294
2220 3533
4836 -3380
3974 466
-4716 -2880
-3583 4431
1781 3939
-4707 4725
-239 2891
2774 -761
-4865 3191
4345 -1706
-3163 -4208
-41 3546
-1036 2111
-1597 -3056
-4494 4821
-2795 -4229
-1450 -3142
1089 1672
-1157 -3643
1537 818
4487 4229
1711 3582
3606 -582
-401 3252
-1377 -3789
1529 -1941
1592 -3707
1236 1232
4757 1332
-3570 -2045
-4740 -2095
1272 830
4020 -3248
-3314 -558
-36 -4683
3589 -3521
3352 4123
2092 -1728
4869 1744
4901 418
-2482 1217
1165 -2433
2695 1325
-3929 506
1479 -1544
375 -647
-1565 511
3561 3610
-2492 1762
2290 3972
1963 -4301
-4513 1883
-4853 -2678
2554 1887
-4476 -4590
-4341 722
-3824 -1852
-1926 -1916
-4186 2701
-4718 4893
-1092 -225
2497 3190
778 -1583
-2931 -3580
2074 -3772
-1583 818
971 -621
-1708 138
-76 4645
-742 767
-3579 -4541
3172 -2806
-4342 688
-3389 -545
-3431 -4790
-886 -228
-2310 -1268
33 -4722
1302 29
-666 2367
1800 -1687
-2066 -3024
-2751 -4023
-1351 -2594
1224 2657
2211 -4908
1901 -3705
-1898 -3347
-4674 3867
-4579 1413
-4589 3991
1284 -1205
-1708 1316
-1013 -1035
-1941 150
2569 3328
692 -3402
365 -2463
849 4490
3008 -1299
-3463 402
-1978 162
1376 -894
4916 4064
978 4215
2155 2856
2233 -4184
-4814 -2593
-1569 2235
-3134 4718
-3475 -3424
-3878 -966
-863 -674
-3869 -3493
3326 -2152
-4002 -629
3502 3244
-3686 -3716
658 1512
401 2566
-2326 1737
930 541
-177 -3903
4345 -4197
4302 52
-1798 1247
-672 -993
1086 1553
-3196 -1994
1732 3600
-2546 1545
40 -3445
-3912 -1662
1569 2872
-4202 -1699
-989 -1948
-4424 -3932
4213 4920
1513 -2778
-514 -60
1909 -4188
-2743 1738
-2233 3608
-2761 890
-1361 -4574
-669 -4794
2979 -224
-2784 1745
4893 3689
383 2217
-1566 1686
-4083 -4355
498 -4611
4745 2685
-3957 -2916
-285 -1795
1512 3327
-1088 -4027
2919 2461
-4214 1512
-4584 -3739
-827 511
-558 -4479
764 3314
2832 4244
4169 4642
-2712 -4523
-525 -1851
4619 600
-4334 1743
-808 1637
590 3562
284 248
4997 3090
164 2452
-1924 816
83 -4252
45 -3744
-4962 976
-2258 -2559
-603 -2072
2658 2392
3068 3120
1529 3569
-3496 3880
-4989 3156
869 -3161
-3023 416
-4749 804
-388 3063
-4686 4448
-833 2165
-1214 -1885
687 -643
-2867 1921
4028 4418
448 2361
287 2319
4804 -1990
4419 133
475 -2894
1248 3487
-1034 -4571
-718 2354
-828 262
-4584 3158
-4076 -3627
4681 -2837
1227 3205
-2511 3690
2465 4201
3448 650
4678 -4838
-1340 -3764
-2062 375
2997 4851
-3894 2890
-3170 -349
-2273 4035
2580 4613
-4384 932
-3778 532
-2273 -585
3436 743
-671 -1729
420 -4437
-177 2378
-4664 1564
1962 1296
3780 -3455
-4372 -3684
-3005 -3119
-1175 1827
1841 4181
4771 2421
58 -4340
2525 15
-2287 -187
4615 -1877
542 2652
-1111 3365
-1217 -4764
3355 -4086
2703 -3555
-1616 -3297
4899 -2349
-3741 -117
-1471 4547
-1942 -4109
-3396 -2550
3447 -592
4906 2555
-434 -50
-938 3981
-3680 4451
2753 -3649
1429 3786
-4684 1721
-2471 4812
-224 -288
-2259 859
2470 -3707
-2994 -2678
2531 3260
3667 -3605
-205 -4972
3968 -3658
4487 1783
-2521 -1421
-2735 3071
-4818 -1467
2395 659
795 4243
-3529 -1091
3548 -3564
-1727 3178
3364 87
1617 -1395
2656 3404
-3091 -2640
-1849 1633
-837 936
-4849 -4515
1332 1155
3117 3827
-4924 4289
-3036 -2140
-2802 -3892
767 2900
-19 2406
3769 3559
1269 -658
-2759 -2905
-3657 -4850
3180 -3723
-1533 -3629
1610 4489
-4008 -326
-4917 -4056
887 3540
3762 2674
3430 4534
-3833 -2220
4240 -2305
-1517 4304
1545 4982
-4188 2759
272 -4336
401 -495
2909 -2725
231 761
-3463 1531
-2927 -2857
285 -2082
-330 -1013
-3933 -1987
2557 -2669
2041 1633
923 409
-2220 1392
-2051 4908
-1312 723
81 -534
2725 4341
-3874 -3641
-4170 4970
-331 2044
3444 4969
-4945 -722
-305 -3368
4581 -2614
-484 3778
-449 3963
-911 1512
3204 -2441
509 2465
-4432 2188
86 4399
1572 -4894
826 4000
-4746 3629
3047 749
3017 -2174
4438 -1773
-4472 4323
4705 -3381
492 -455
-1914 -3080
4814 -2339
851 3245
-2203 -4269
2225 392
4128 -1069
-3346 2111
-2208 85
4418 -3914
-1107 4057
-1821 3977
3065 -2912
-2828 -2932
-751 -806
4728 3549
2783 -4227
-1340 1810
4461 3614
-1485 997
-2588 -2176
4611 2873
-366 1126
812 3511
-2678 1574
1553 -2374
4981 573
-2513 -2301
1223 -2567
-3822 3737
-1619 -1578
-4953 4528
-990 -4184
-2852 2517
496 -2766
-332 1956
-4269 2449
3575 3479
-711 2905
4805 2715
838 1593
1371 -3200
-4892 -4995
-3378 1309
792 3648
405 -707
-3648 -1860
-4381 3338
4344 -640
2465 -1948
-69 -4932
4139 2910
-1641 3484
-671 -4042
4217 4143
-99 -1217
72 -2669
2756 -4979
2333 2942
-2507 204
3744 123
1295 4204
-1106 928
3424 -3731
4102 -3976
-2793 3972
-2157 82
-3733 1191
-2877 2756
-1260 -4309
-2201 2413
999 2311
179 -1082
-96 1812
213 -2348
3160 -3068
-1870 1902
-2427 2667
-2980 4853
1136 -3377
464 -1676
-206 -4072
4987 4069
-4696 -461
3341 2974
3542 2265
1574 -4298
3064 3351
-4548 1208
19 -1223
1071 -781
-806 3656
3347 -4997
-4964 4238
-3411 4448
3130 -4782
-4663 4952
-3050 -4892
2184 -20
-584 -74
3367 4604
2570 276
1226 -1328
259 1794
-1561 4076
-3967 145
-3713 4494
4015 1662
-200 3495
2230 -1625
3589 2228
4960 -1253
-2457 793
4823 -2611
204 4073
-1252 -2221
3110 420
-4604 -1583
-3513 -1267
429 -914
1464 1190
-4770 3344
425 -1254
-1732 409
66 3255
-1687 765
3176 -1625
-1578 -450
-2100 -983
2330 -1034
-4643 -2143
2107 2208
494 3864
-8 -4156
-3342 1073
1465 -3011
4387 1770
3710 4137
-2623 1643
-1163 -3796
-2952 -1298
3271 -2863
-3813 -2438
-3551 -1361
-3251 -1970
-4159 -4301
-3762 3639
3638 -4064
-670 -3970
842 3311
-1843 -1903
4908 -556
171 -1764
-3243 3808
1292 3172
-1875 -1203
-2612 816
3030 1577
-3167 52
4389 -1615
2206 -3973
1633 3401
-1244 3504
292 2998
4919 1049
-3506 4297
1343 -4895
3065 -280
3861 -2335
-4008 -3686
333 250
1624 -2546
1876 -927
-504 4088
-1314 999
3141 -598
2610 4052
-1394 1019
3266 2720
-1529 -4921
-3406 1853
392 755
297 -4203
-3803 -293
-4971 2779
4185 3706
3465 -4032
3579 -1388
-4414 69
-1549 4659
-1801 -1384
-2394 -3043
3358 -1571
-1108 -2530
4572 1162
-1245 3159
3620 2591
3852 -1005
4593 -2336
2404 -1022
4319 -3248
-307 -2812
-2637 2364
3514 3955
-406 65
4954 -3667
4751 4890
4283 1709
-3834 -1014
2384 4069
-554 1875
637 2138
4532 -1423
431 2892
378 3559
1912 -4703
3590 4835
2072 4557
-4593 -1601
40 63
2434 -249
2944 2203
-6 -125
-4871 -3664
-1058 3952
2668 4261
-2043 4943
-3736 -1931
-3836 3033
3379 3571
2488 445
-1208 2876
-1601 3448
2847 -504
449 2416
-822 -564
-3236 -4483
-3861 -1296
2909 4884
-2141 -4600
4570 -1246
-3931 2593
-3220 -559
1497 -4215
-3878 -534
-4563 75
-336 -4729
1526 -1562
2062 3267
2868 4682
3309 3569
-1933 -690
3901 3062
-658 2704
-3270 1028
4270 1370
-2403 4323
-1552 -2659
-3553 -3890
-380 -3811
1304 -2808
-2879 4617
-2987 2489
1014 -251
3127 841
2124 4982
-4136 3959
-4920 1977
-3607 3862
-1652 -2272
4423 -4299
-4995 -4486
-3939 1065
-1249 -4914
-2254 -134
-2228 3236
-1086 4391
-4412 -2000
1579 2342
2973 2764
2542 428
-212 -4848
933 2453
3436 -751
3860 2097
2155 323
-2088 -4516
1525 -4116
-2308 1384
4791 823
298 -488
-315 3154
1774 -2181
3752 3268
-4714 -957
3983 -1586
-234 -94
4822 1405
3929 -4320
404 1129
-1359 2668
2814 -1730
-2513 4988
-2903 -4284
-1442 -1182
-2339 845
2042 -3651
-1563 -2038
-1186 185
2690 2106
-2789 3364
-4289 1793
-4252 -402
4256 3008
1302 2476
819 -2313
3894 1433
3001 -2012
4162 4938
-4882 1494
-4983 332
2963 3987
-3562 1741
-1795 2162
-2825 2291
-2873 -2171
-4883 -1363
2658 -1737
4844 -3068
2700 -4258
-4654 909
-2866 669
-3099 -626
2176 -4327
-2268 -1910
-841 -202
3759 -3029
4207 -835
2339 -4533
-3005 -868
4893 -4449
2313 1946
-32 -2351
1851 -2747
-2622 1448
-2096 1866
256 -1114
2025 -864
-1518 -3858
1399 3986
-1398 -1281
2105 3687
-4955 -3278
-2397 464
-2076 2092
-2581 -1059
1540 -1552
3053 2716
-4887 -1644
-417 -2305
74 -2738
-3394 -759
1029 -2788
103 373
-2381 -579
-4206 -2126
3430 -4386
4312 4223
-3265 -476
-1787 -2433
-4451 4467
4792 -4263
2288 -3110
3304 -2593
-4261 2252
-2607 -3447
2663 -341
892 -3986
-1916 -3774
4204 3870
3930 -1857
-1627 3246
-738 -4197
-905 704
689 3416
-3576 3743
2418 -3802
-3057 1268
4388 4049
-3972 3720
-4294 3563
3334 2519
-1282 4545
3084 2573
-1631 2317
-2995 2352
-1796 696
-252 -4279
-410 -3623
-4646 4160
-4626 1055
4959 -3533
4056 4887
-3133 -4846
-3867 442
-2721 -501
186 4501
1537 1165
-3693 3798
-1564 -805
2192 -351
862 3295
3485 -3956
3667 -3305
-1232 1517
1174 -3151
4492 222
3520 -881
3474 2458
617 -3305
-3529 -153
1475 3370
144 528
-3881 -1217
2873 -3699
1767 1771
-2522 4593
1218 3711
1377 2544
4918 -4035
4034 -501
-849 2312
1805 3626
3006 -1720
-2140 -92
741 855
1693 4526
-4626 3803
-1969 4494
-2965 4976
758 3930
-4455 529
-2138 -4622
-2706 2723
1740 -3977
2929 2479
-4257 -506
808 -455
101 917
2780 2785
-2813 -4391
4266 -1642
-3699 866
-285 -1982
3691 -2973
-4190 -2410
4364 -1358
1917 -3982
-2604 -2856
-11 2001
-2399 1093
-3080 -2001
-4789 1875
-1722 -392
-806 -4443
-592 -2433
-1422 1565
-1316 2791
2825 2567
1317 -558
-535 -3259
-3264 -4557
-272 855
-2871 -4878
852 1270
3419 -2373
2517 3486
-3249 -1917
-37 198
-1412 -935
-1954 1053
2077 2901
-1051 3219
-96 880
3126 2241
4618 431
1035 -1434
4424 -2003
-3450 -929
2592 4595
-3957 1057
2726 -3001
2204 1030
1546 -2273
-846 3042
2639 -1440
-4185 2049
311 2903
-3888 864
-4503 -2125
-537 3508
1893 1646
2072 -4566
3054 -4474
-2655 1596
-842 4508
4572 3565
-1657 -2713
-3143 -1519
-323 3382
180 -3412
306 -4479
-1914 1270
1201 -3142
-2664 -2569
-2916 -106
-126 4085
4809 -1294
2721 -25
4807 -2829
4343 3972
-3585 -4450
12 -3267
3717 -255
-1310 -4540
3693 -1172
4518 3528
3882 -3409
4610 1182
3393 2370
3536 4109
-2803 4891
-4919 -2394
4540 -4753
-4452 -2210
-9 312
2682 3226
2350 1791
-2787 1030
418 3815
3673 -3518
2012 4582
2859 -2007
-470 -2288
2350 -3889
-4822 529
-2724 2342
687 1527
3361 2797
-2207 1626
1676 4278
1761 3353
-401 -4062
-199 818
-3659 -4692
1298 3438
4035 -4145
-3489 3047
-4985 4244
-2105 3110
1789 12
2992 3725
-3471 4726
4263 4910
590 -3219
2348 1782
-3739 321
2537 4426
-4807 -3343
2451 -548
743 2722
-1782 3978
4964 1967
2411 4499
-4530 -515
-796 1943
-2380 1864
3079 1946
2113 -2432
-3080 -2604
4 458
3921 2104
3227 3412
-395 -1217
254 -1511
3968 -3280
1432 -899
637 3359
4767 -2618
4866 -1313
-1835 -1449
3750 -1691
-1785 -4902
-3741 3483
-862 -2120
2150 4509
-3674 4120
3476 -4253
3795 -3293
-4890 -468
1072 2160
-4252 -3821
2570 -3343
4192 -895
-759 -2616
-2135 4686
-2945 -665
-303 -4603
3945 2611
4104 -460
-584 -2556
1047 -4083
-4039 -148
-4136 -2932
-2896 2561
658 4356
2132 4409
2387 -3688
-3597 -2431
-3513 531
-506 -2966
-1931 1781
-3280 1584
2616 -3477
-3824 4072
1866 -2982
2341 -3162
828 -4825
-4927 4168
675 -1066
-1722 4947
-867 -1843
-3138 -4072
3874 -4317
7 210
3813 -1269
4922 1262
-3640 3063
-3956 4807
3167 -3221
1454 2590
-2723 3184
1343 -2637
4268 881
2914 2850
3592 -3627
4810 2700
-2662 -2791
721 3105
2803 -55
2424 519
1438 3467
4105 -166
-2008 1945
2888 496
283 -1255
3544 -2008
4342 -406
682 1166
-1000 1997
4927 -3043
-2869 -546
4159 1650
-354 1133
-477 2008
1147 4413
-3540 -3850
-3417 569
-2666 -1007
4087 2334
-3705 -4913
608 2457
1730 2313
-4297 3309
-2312 -4388
1511 -3519
-3618 1853
-1632 -3724
-327 -1482
573 3550
2102 -1934
4622 2148
4246 352
500 -1881
1526 -265
795 3482
2525 -4393
-4799 -4082
-2225 -3513
1893 -883
-49 -1439
1819 3135
3201 -3402
3212 3307
3949 -4529
-2583 542
-961 -1199
-2448 -2399
1371 4860
536 -502
-4179 3712
1687 -1502
3087 -4883
2627 3390
-4491 -890
-4620 -4468
-174 -3872
2840 -3236
-2211 3645
-1391 -648
4285 79
4665 -2062
-2511 2395
-1835 -583
61 1692
-2472 -3018
-3953 -2351
3214 2121
3888 708
-3527 572
-2698 -3464
-2024 -4672
4709 -4178
-1309 3852
2997 3364
-3164 -4769
1935 4171
-1681 -1026
3954 2819
1554 -258
1874 -3339
-345 2192
-2016 1612
-4826 -2428
3684 -2223
-3449 395
-1418 -3182
3046 781
-3475 3103
-4225 -2109
3791 3473
-3351 1555
-3033 -138
4831 -986
4100 -1907
-3287 3511
2270 -4550
1625 -3718
-1453 -1369
-1998 -1930
0 504
-877 2880
-3461 -3271
-4464 -4666
-2211 4262
1057 -3003
701 -1305
2996 328
3399 821
2670 4301
1340 -2995
1247 2469
-3677 449
1140 2392
1309 -891
4949 2147
-250 -2339
2558 -2513
-4088 -896
-4949 3503
3369 2728
4877 -2346
-4428 -2791
4537 -4286
901 -4692
2944 -2231
-242 -2936
2041 126
-2601 2043
4458 -400
1698 4570
-1611 -144
-772 35
-3377 2237
-2784 -4965
-548 3677
581 -3847
134 -2086
-4680 46
-4051 -2442
4740 4447
-3560 -3827
1325 -2736
1705 -442
-1283 -2161
-881 -2635
3830 -838
1125 1824
1494 4126
-104 732
4760 30
-3915 -3677
-3258 -4836
3185 4964
-948 1719
-2782 -392
-2039 -2319
3242 1452
4639 -2373
997 -3280
-4007 -4481
-3288 -4870
3372 4010
-183 -1608
-4170 -3356
3517 -4863
-1149 -3219
-1044 -314
-4817 2902
4753 -4198
2262 4889
2317 490
2630 4406
-3940 3547
2534 -1988
-2049 2976
-3248 -3664
1032 533
-663 2972
-107 -2053
-1742 -2153
371 2463
3335 3789
2579 73
485 -2837
2682 -1506
600 -1159
3795 -605
3313 -860
-1041 1903
-4185 4647
-1603 4891
-4827 -2347
1700 1944
4609 3958
-132 -1011
1405 4876
1533 -484
966 592
-1744 320
-662 -2210
-15 454
-4553 2922
-1242 -3740
3262 157
-4903 -3334
3030 3232
-4927 3364
1724 1651
3167 -1319
808 -117
1620 4915
-4564 2038
-80 3851
-2363 -4788
4197 4864
-4652 1268
1210 -2956
-1882 288
652 -4141
1887 726
-962 3041
950 -2133
-3759 4495
-3302 3902
-1762 -2694
-3390 -1169
1008 2656
-847 -2438
-4208 -2833
3624 3604
-1928 1100
-2426 4209
-488 2733
-1557 1887
-1225 -1852
2378 3810
2657 872
-660 -1555
-2513 4257
1106 -6
2517 192
3794 2790
-2844 -2311
-414 828
1216 -2
35 2268
-2821 57
-1579 -4200
4752 2709
1288 -1013
-868 -2086
338 310
-2601 -2621
1837 -3432
2081 557
4184 -1622
-1225 1119
-2179 -1452
2212 1825
2563 -2993
-1724 -4694
-422 3816
1732 -3814
-3789 1982
-3931 432
-2670 -1224
-4272 1769
4588 4422
-4477 2294
2874 -3710
-4534 4392
2976 3970
-4104 -4165
-217 -2962
1396 3036
822 4072
1649 -3912
640 4749
-458 -1901
3462 3046
2524 4962
-4579 -677
-4106 2421
746 -299
4186 2629
-86 -3922
1005 -1611
-2545 -4728
-3202 4120
-3596 4838
-1880 639
-399 -213
-1429 -3651
-3366 2541
-4300 4905
-4622 -4331
2937 1391
-803 -3337
-1231 -3228
-3022 -3976
2976 -1101
767 -1568
-3776 -4487
-4984 4942
1866 585
-3049 3186
-3180 749
1511 -4213
-475 -149
-404 4942
-4700 -4625
1209 -3393
143 3754
-3771 -1457
-297 4935
-184 4419
-312 38
-3777 -2100
-1466 439
-3009 248
1378 1444
4550 -3435
-211 747
-292 1517
916 -4233
-2839 -4125
-3319 -118
-4159 4472
2562 4825
4122 3129
-438 4852
2958 3737
-2074 -2000
476 -4201
-1374 2035
3464 -3844
3434 -932
1699 -2269
-1931 2124
1429 -2859
3867 -2363
2039 4496
-3097 -2131
-3875 -477
1127 2718
1856 -1175
-2736 4174
-70 735
4575 -4473
506 4403
3482 -1358
-712 -1844
4517 -1948
3715 560
129 -3883
4277 774
-2289 3688
-1496 -1975
3970 -3668
145 2357
2577 -1841
-3685 2577
860 -4022
3231 -23
-3610 2781
-1201 422
1505 -3913
-654 -372
-904 2721
-1607 -2431
-4587 3000
1936 2117
-3917 -3994
2209 3266
-4131 -1572
3938 -2911
-2699 -498
-4178 4966
-2750 -949
-767 -4486
-4352 -3801
-2419 -2877
-3669 -1369
4890 -3758
4806 2360
2523 -3928
-1627 652
-1829 -4314
-4308 -830
-155 1904
-1746 2961
-1565 -2916
-4697 -1712
-193 -4467
2341 -4475
-1371 1447
1265 -2023
1945 206
3836 -1947
2901 -656
1012 1659
-4437 -37
-3434 -3230
-1639 -4020
653 -4017
234 2597
-248 4125
216 1402
-1526 -1910
-1824 4761
-2053 4973
-3730 -4925
-3860 3303
2727 -3077
4856 -683
-1722 1930
245 -4753
-1586 3773
-3606 4833
3918 -2212
-4277 1731
3506 3335
3215 3894
-4810 1215
179 238
4117 2782
1015 4087
208 4468
4566 933
-917 3535
-4173 -1972
-127 -4634
-4962 4600
167 -350
-2490 -3462
3294 57
-3143 -832
770 457
4599 2768
4320 4110
-3451 -4447
2964 -4320
413 -3659
-816 -1380
-4958 567
4472 3180
-1215 -4723
-2278 3270
83 -4486
-3572 4734
399 1507
-482 -4023
1740 -1605
926 -2881
-332 590
-2310 -3396
-1259 -2458
-2817 4739
1585 77
1201 1087
-3323 -4544
580 4920
-2730 -51
4934 -4786
855 -279
79 -3019
-2105 -3697
2561 1086
-4248 1112
-3798 -2515
-3558 -4396
4264 1836
4198 3363
2972 715
-297 -2621
4071 -3790
-4414 -1018
-895 358
-1802 1807
-4760 -2413
4862 -1992
-27 -1444
-2684 -2941
-4597 -1460
-3984 700
4841 -3288
3581 -3593
3631 -3709
3340 -1861
3789 4573
-381 -390
2582 697
1229 1996
675 -326
2213 2167
4388 -1143
-771 1949
-4286 -2202
984 1298
2224 4168
3720 -743
-4784 3954
-4415 -4342
-206 -59
-1907 4209
1846 4188
1737 3750
-4125 -2328
3692 -3979
-256 -168
3655 890
-913 1060
-2616 -3685
3194 -3130
1017 -4623
421 2454
-3723 4371
-205 -2479
-1605 -1423
3301 -4587
4891 219
3021 348
2797 1740
1312 -1086
-3695 -3034
-3398 1252
-4512 -2005
-1284 1095
4786 -2603
-256 -3902
-1015 995
2733 3946
459 -112
-4874 344
-2787 497
2716 -4824
346 4187
-4876 3057
-1885 623
-492 4156
1920 -4108
3622 179
-876 3615
-3521 135
1871 944
-1847 2349
-3122 2732
3324 71
-1795 995
732 -645
-3380 958
-1924 3970
-241 -2761
-528 911
4959 4756
-4976 -4391
4654 -3487
376 583
-1608 -2023
1564 -3512
4276 -3871
-391 -4260
4010 3025
1271 -3326
575 -1153
-4085 -226
-740 4154
1800 -3322
-83 1441
-3115 -982
3861 -2946
-1894 -194
1502 -4830
276 822
-3362 -3923
1560 1037
-1483 4666
1732 -4079
2531 4389
-2127 3886
-4681 -2374
-1963 597
-479 -4069
-2875 2265
281 -2642
-3017 -4729
3769 2305
325 2783
4021 -2341
-1203 -2061
-4853 -2208
-1290 -4677
-2475 -640
4590 3986
-308 844
-2146 4976
-4714 3014
-209 -539
-4208 -1931
-3307 -2257
342 1122
-1863 -1064
3247 4930
-4155 -3904
4471 -4304
-1239 4962
4692 3621
-4646 3013
1769 3463
3690 2065
-3048 1307
2499 -1428
-350 -3367
3356 1537
-1349 875
-2274 1851
1593 1217
-96 3011
-4357 -4844
127 -988
3783 1188
714 -1449
4875 -1295
1577 -4096
-716 4867
4605 -1324
-2387 -3354
4914 -3659
-4161 3781
-1998 2268
-3305 -575
1939 -4062
4854 3967
-3888 651
-3470 -4820
-4682 -1168
-3303 2029
-1387 583
1077 -3193
-3498 608
-3301 1927
-21 2446
2222 -3184
-3711 -543
2513 -1921
3763 3196
-1703 -2708
1097 1032
4912 -449
1373 -3564
-4762 -851
4718 2791
1554 974
-2099 -4508
-2697 2699
-1035 2345
2001 4249
-888 -2748
-1953 -1859
-3020 -1247
-4854 -4229
-2380 2692
-1709 -673
-2686 2112
-420 4023
-4581 2403
2188 2187
411 -146
1718 4410
-4760 -2092
-3245 3698
1146 -2210
-1829 -436
1687 -1560
1603 4193
477 2732
-1119 445
-3303 -3991
603 -3601
-60 -609
-4755 -1799
1805 -1782
-503 4187
-2734 4217
-1048 -1322
-1256 -1126
-2625 -3360
506 -509
4093 -3485
2317 -609
-3680 593
322 -2636
2216 1193
4773 3885
-1501 -4337
835 -4967
1303 -1893
-1784 1407
-4513 880
918 -4133
3836 -1961
-942 -1414
-3139 -2217
4680 2046
-3670 2595
174 238
425 4225
838 4814
3507 4835
-4995 -2234
785 -4509
-255 -2175
3792 -561
-1824 -44
-2925 -449
-3285 -2551
-2680 319
-7 3256
4547 45
3864 -2863
-2762 -127
-4338 2328
914 836
3518 2893
2775 3214
2310 1815
-3433 -2304
-4492 1404
-2919 -3702
1785 1455
-2998 267
2646 -873
-2579 -4973
2707 3080
1811 4790
4271 337
3942 -609
-399 4849
2335 -2690
-884 -1034
-985 224
66 -4941
-2277 -4647
-4545 -3218
184 -4031
4214 -1997
-4842 4584
1466 3272
722 3735
1330 -3089
2051 4725
-2689 -2287
1885 -2862
1210 -99
-3884 2068
-1082 -1763
120 -1637
2965 -479
-4529 -3837
2407 2202
-2527 -4074
-4067 3317
2189 -1301
-4261 -2719
-3704 1039
-4341 4511
1077 -1346
3374 1366
64 -4146
366 -272
-4347 2025
4544 -1755
3838 437
1349 -2478
-887 337
-3649 -3771
-3288 -3090
-2960 1015
1649 -4985
-3203 -2026
-2858 3327
834 -834
-3873 -3738
1456 -4156
-3629 -4297
545 3343
-762 -2191
-4964 -365
4860 -32
-4668 1339
3468 3335
-885 -894
-2961 -4355
2387 4159
4440 4641
-1627 -470
4046 -1878
-4981 -369
3412 4880
2439 -3938
-1735 -3679
3335 -1043
-4901 817
3440 -2405
247 -2431
-4041 -3375
-1525 -1590
1839 4775
-3971 -1914
4588 -2273
-2668 -1828
-1386 -4158
-348 2054
2185 -1210
-2889 -64
3641 697
-3865 -640
-957 3917
2392 412
-1105 -4896
1106 -3028
610 -4666
2908 1293
1919 -2747
3044 431
-2323 2477
-2709 -1652
3252 1810
2397 2230
-4399 3543
-3090 -853
-2055 -1031
-3296 4423
3339 -4955
1729 1207
-3795 -4089
-351 2549
-920 -144
2130 -4235
864 -3005
-1032 -165
1371 4444
-4576 -762
3508 813
-3268 -4707
2903 3159
-2212 4037
556 65
-4519 3612
-4351 -3528
-3062 -1403
-2465 -2572
4522 -3632
2159 -2542
1729 1109
1621 659
3182 -4403
-3894 -656
2134 4461
1368 3016
-4762 704
-1905 -200
-4347 1552
2229 550
-1819 -1487
-1127 1531
-3512 3434
1448 4426
-3090 1329
-1015 -1360
-3859 1521
467 -2918
-4982 3707
430 46
-797 -2522
1623 -2857
-2977 68
4317 3872
-1939 1251
-952 -4644
2265 -1492
-2791 256
2493 -2213
-516 2526
-604 4780
3259 399
441 1054
2012 1387
-2945 -41
-5 2456
4010 916
-1566 2957
-4822 4203
3540 4242
-2057 1631
3401 -538
-3496 4351
947 -2580
-3442 -1108
3856 2484
4765 916
1064 -2959
-2997 4976
-3930 -3892
-751 -730
-28 -4572
1503 -1220
431 1935
-4885 1674
-3911 3282
2425 3802
-4035 329
-3929 -1521
-4515 -3004
-321 -2289
-3801 -3841
2976 15
-4346 -4084
38 1257
-2491 4094
-3339 -4676
2590 964
197 2417
465 -1487
199 4245
-3856 2324
182 -2872
1591 -615
-3399 -1296
4729 3499
-2907 -2294
-1611 -2252
-3681 2799
-4393 -4846
-530 2127
-2725 -1560
-913 -883
-963 -738
514 -2649
2940 -474
2722 -2560
-1044 -899
-2590 -3333
-2853 -1271
-3517 -1242
2363 3541
1778 1729
-4642 3174
-3746 3529
80 1865
-2841 2918
-2898 1484
3218 -1219
-3516 1350
-279 355
2980 3411
-1473 1551
4995 -2513
-1183 4489
-2147 -4994
-936 1157
1977 4950
203 -1817
-4617 -1734
4930 1746
4597 -4011
4469 -4303
-4495 831
-2349 -1696
-3223 -2498
2046 -2616
-3058 3003
-2893 581
4727 -2656
-4665 3590
34 3084
-563 1633
-3067 1763
-4347 -2800
-1277 -1260
126 2860
4874 -3640
-3476 -2636
-3480 2564
1365 2122
-706 2315
4581 -134
3821 3508
1569 -1064
1405 -1453
4152 4869
-4931 -1210
-2506 -2354
868 -2402
-3246 -2975
2918 -4552
-1465 -836
2130 3383
640 -1116
3384 -2992
-1299 4830
-1816 -4446
1746 -1666
-2123 -1344
-4034 -1382
2601 -4884
4520 -4230
3538 -3135
-1738 4687
-4774 -3331
3464 -2419
-44 4009
-3887 -2202
1842 2967
-315 -1020
-2348 1687
4158 -3102
-3397 4246
-3383 632
-2181 -1613
-2099 4305
3391 1647
-2228 3738
438 2433
-3247 -4966
-693 3299
-4583 1544
4690 -4756
3119 -4386
3982 1658
-4160 4504
-3088 2236
4509 1849
1546 1370
-946 3002
-222 2018
3091 -1073
-1710 1728
4870 -1239
-1172 -3127
1852 4289
4522 3540
2587 -921
-285 3636
2581 -3592
1290 3046
4819 3381
-1119 -428
-1843 262
2171 2276
-379 3050
1438 -3423
3443 -167
-2457 -3228
-1829 2361
3608 1806
-3397 1065
1164 -4700
-192 2654
-4037 2007
3449 -4953
-2855 -2882
499 -369
4905 -4861
-77 4430
-2240 2152
-4158 -2660
3604 500
-1278 -2780
-542 -3043
2607 4864
4670 51
2001 -1641
2213 1511
4686 112
-1057 1510
-948 -4271
3361 -873
4 -4312
2686 3228
-1518 4421
3646 -2424
-1159 4515
1974 862
1859 -2270
-1961 4225
3654 -2654
179 237
1779 1581
-2231 4513
3016 -3935
4210 4200
-2572 4552
-3372 4115
1898 1142
-2540 -2268
3823 -865
4200 -743
3134 3059
954 2196
-3909 4920
-1575 2099
4037 -3679
3690 3920
1636 -1840
-772 -2873
1105 597
4024 -4497
-1163 -2142
3943 7
3898 4301
-2195 4207
2894 784
3652 -3168
1397 -3535
4020 4377
2910 297
3981 -4329
-1154 2180
-1177 -1072
2985 -1356
1377 -3300
-1553 -4655
3238 -2624
-398 -1343
3165 136
3814 3008
-1841 -928
-3102 716
-1436 4976
3331 -3440
-2122 4802
4543 -2421
3079 2881
3046 -3172
1295 752
3973 -4531
2477 3268
3637 -2167
-930 2318
4224 4234
-4868 -4983
3539 4515
-1346 -3172
559 1239
-915 2525
314 -1163
-2218 -2253
-3566 -2479
235 3382
-1534 -1393
4852 -2539
2317 -4882
3076 -381
646 -4113
3766 1710
-910 -47
86 4638
3558 -4453
1660 -1945
3034 -139
915 -2629
-3953 -4877
4871 847
604 3262
2349 3160
2100 2897
1053 -2878
1636 -2867
3754 -3587
-1784 1258
3842 4068
-3 -3750
2016 3643
1441 -4933
2015 -924
-2041 -2358
4153 -226
-2426 3534
-866 2411
769 -104
2944 3101
1202 4453
-837 636
3375 3677
-3806 -666
1614 -3045
-4140 -4140
4917 -4775
-2690 -396
1690 4536
2186 -3944
-4727 3609
-3355 -1125
-1484 -4101
3453 -1573
-4364 -2751
-2951 3304
1566 847
-908 3431
-2367 -4047
1297 -1661
-724 4616
-3902 -3295
2332 546
-2333 1614
-2077 3573
1937 -1945
3940 1400
2313 1140
-4485 -1187
3403 531
3962 -4049
-1460 3229
717 -4940
4443 2566
4047 -2337
-2085 -810
4390 4773
2143 -3681
361 601
3685 -2629
4402 3110
1177 -2908
4558 -615
-598 -3393
-400 -3367
-1063 -2682
-3978 -4108
4477 -4288
2532 -953
-3292 815
2653 1529
-4076 -1275
672 788
-2432 3012
-4098 4962
-10 3297
-4567 3952
948 1892
2984 -3455
2891 -2945
760 1874
1836 -2568
-2339 -4859
143 453
-538 1996
-4877 -1021
1966 1108
2624 643
-3394 -4420
-1593 -3246
-4481 -4144
-2597 -4157
-4002 1878
-3335 1339
1977 -1820
4930 2792
1077 -820
3289 1535
1698 -3210
4728 -1327
4310 376
4829 1545
-4842 2964
4418 3268
1988 -4226
954 -786
3649 -3399
3943 -4987
1891 989
425 2428
3842 -3450
-2319 -2962
-3507 1420
1683 -2195
-3494 -4693
-2422 -4650
-2966 911
4469 4083
-886 -467
-3713 1357
-1402 416
3245 2827
2536 -4017
4624 -2805
398 4408
42 -3828
-1606 -4181
1357 3254
1714 -1595
-2977 918
2760 3528
2522 -3590
3668 -61
2911 4118
3214 -2109
-1573 2704
-2488 -2890
4082 1550
3959 551
-728 -3446
-3294 -421
3631 -2002
978 -2537
1146 -1694
106 3020
-4577 4560
193 1040
-4533 -2992
2170 -3478
-4592 2805
-1707 -918
4330 -3085
-274 3
2239 1467
1874 -3627
-44 -3324
4498 2811
-980 3400
4049 -1090
-677 1416
-568 3876
4825 -4483
632 4969
-61 1116
4975 -2536
-3829 2773
-4541 -4762
-4913 -2791
4364 -3029
-4105 245
-1393 4238
88 1727
4180 3819
-330 2539
-375 -4396
2486 -4837
4463 -2046
-975 3201
4690 4854
3316 1394
-1657 3248
-3260 426
365 -854
4191 3445
4662 -3117
4014 1169
1135 1620
-4041 -4978
-1205 4112
3519 -706
1774 1580
4093 511
-3739 -1176
1033 4402
2035 1818
-4525 2119
4901 2374
-992 3463
2055 1484
4094 894
2480 -3938
-1095 2371
3512 2555
-1113 -1003
-4997 -2867
238 1955
4453 3468
-571 -1512
-740 -2307
-4297 -4782
-2930 4538
-924 -4899
-3377 -4337
-1503 -655
2548 -1266
-1328 -1547
-2114 3888
-4693 2270
-4146 3465
858 3544
-2025 -1401
-2252 2831
-638 4070
-4254 -598
3274 -4574
-2914 -4475
-2617 -4149
4954 4202
-72 -226
-4994 -4804
1129 3366
-2551 1679
-3675 -2402
-1224 -1417
-540 401
4309 3851
3237 -2224
807 -4011
-3544 -2640
359 -4806
466 -3539
-3054 4273
-637 -193
2810 945
-1356 -4584
3624 -3109
2073 -842
3020 -1087
4503 4459
1541 -4703
-4321 -1273
-948 259
3368 719
-3030 2011
-4581 3180
-2423 1082
-3576 -1710
-232 -2696
-714 3835
3353 1430
39 -2656
1236 -2173
-2103 2435
-1650 -2387
-1543 3964
4005 514
1027 -370
-4782 3970
1524 3493
-4447 -4526
2496 -1233
2636 -2352
-4737 116
3507 -4930
-189 -3933
3032 -2819
341 -6
1511 2152
765 -3311
-2605 2985
207 -716
1020 4012
4162 828
-1236 4910
-3699 1960
464 1217
-4549 2685
1764 1263
589 -1145
2247 4760
3710 347
-3410 -4597
1698 -501
1844 -2067
-1657 -3244
1823 4920
-2338 3336
-786 -669
-877 1523
-4306 -2934
-2937 -1156
-2340 3322
2255 -2534
1957 2251
4261 -2992
1897 426
2188 4647
4894 -1422
2146 1334
4208 2775
-1234 -4688
-2458 -66
3928 -613
3680 3820
4056 3192
-212 4218
1430 -1836
1064 -638
481 3722
-3118 2345
3595 706
1436 4824
-3343 -134
-4821 3608
1609 -240
654 -631
164 4585
-1861 -2096
-1069 3697
-1579 4955
-2843 1103
-6 3282
-3122 -2908
4185 -3700
-1340 -1632
736 683
-1741 -2254
3556 -747
4288 -662
1994 3808
-4501 -1700
2722 921
941 3907
19 3664
-4031 -3649
-191 3812
-3777 -1044
-1509 -329
979 -1311
-2767 -1875
3885 -4734
-957 -761
3841 2146
-2795 -298
-1090 -3991
-2161 4094
3276 -562
3744 25
-3490 2481
3506 4356
-3065 -2360
-2552 2794
3642 483
-2396 -549
-727 302
70 553
3007 -4493
-1649 3007
4985 -359
3172 1806
3662 -2499
-1843 2806
-3376 -3829
-3187 3773
3243 -119
4700 3519
1530 4528
-4785 -4766
-3239 2536
-3559 1764
1780 -3505
1595 3811
2911 -954
2056 -3895
-1969 -3959
-4781 355
2773 -88
-3975 1052
-2005 -4522
235 -3094
519 -1075
-2924 -955
-1219 -36
-1927 -2513
-768 -2289
-3618 -331
-967 -3303
1189 -208
-80 -239
4049 4392
-2313 182
-327 4902
2391 -1569
-696 -4827
4049 948
417 2132
2822 -4525
-1825 4234
-4733 4032
-3766 2647
-508 -4244
-3705 -2142
-550 80
4023 4580
1799 3606
4975 352
-315 -2140
3383 -4658
1350 -4122
316 1315
-4873 4616
-4128 -689
3582 -3043
-2895 946
-2462 -4754
-441 -1237
217 4642
3895 -3217
-4708 4342
1941 755
-2057 2906
-986 2742
3693 -2232
-925 -2771
-4407 -1006
-247 -644
-1329 -2042
-3090 2750
3520 3216
3486 1266
-660 1932
371 -4958
-1438 2999
-4109 1888
-2749 3490
3747 -1280
-3115 2929
-1318 252
4099 -2650
3792 -232
-3838 1588
3109 -941
4910 1155
-850 198
-62 -4848
3433 -1444
3991 -34
978 654
-1676 -4147
4271 4794
1268 -2379
118 -2193
-2731 -2833
2046 888
-3412 2544
4594 -4558
2613 1107
-1374 3692
-1496 -1198
-1884 634
2264 3105
2648 4326
-4794 1671
-4983 -3884
-2654 1865
-4034 3104
-3311 -3563
4273 54
1674 -4968
-3929 4413
4218 1101
4654 -2287
-809 -1726
-459 -469
-4974 248
1316 -577
4885 -3449
4525 -4701
3884 -4453
-22 -3657
-4911 3744
4070 -3243
-3345 2741
4568 1991
-3384 -1744
1561 -4897
-4222 -226
3079 358
4524 149
4322 4709
-2946 968
-365 4025
2734 -106
-851 2775
-1921 4319
4379 4508
3684 -1612
-3927 303
-4637 730
-1745 1686
3636 4171
1400 -2430
1880 -1255
-527 296
-2265 -4545
-1636 -3476
-3822 -4266
-2028 588
2135 -4895
-4581 3958
546 -2282
2464 -665
4432 1978
12 -1935
127 -1257
-5 -664
-2622 -1364
1336 3706
-4095 3442
4240 -4183
1724 -2218
41 4582
-2000 2007
3436 -4181
1826 334
413 -2668
-391 -3019
27 -4101
2504 1270
-477 -3008
2217 -1439
-1297 -1359
2053 -503
-1348 -820
1871 1947
4441 878
-784 -708
4683 3334
477 2415
-3699 -3093
2902 3727
-1643 -1626
3016 -4033
-2350 -2706
-2095 3356
-2383 1582
-1037 1179
95 -3803
-2270 3332
-263 -3542
-4601 -3957
-2849 -598
-3081 423
-3561 320
3502 -2672
2301 -2337
-4859 -550
-584 -1
-2190 -4120
-360 -2223
1935 2575
3020 -4447
-1021 -183
272 -2921
-2420 -1853
2707 90
526 -1229
-4202 2114
564 1033
-47 2056
-3851 -3344
-4208 1772
2387 -2031
-4614 -1118
1437 1077
2274 -373
4501 4133
3462 987
3371 2240
-2171 332
-3161 4888
-3650 -3249
-1210 233
1171 4074
-52 4839
1676 4802
-104 -157
600 -4090
-267 -3095
-4674 2997
4268 2121
322 2414
4103 1089
-2108 -4830
-63 4899
-414 3352
25 -4280
-4115 2013
2421 -1039
-951 -4187
1202 -4699
-4403 -1741
2202 -4916
2699 1856
3391 486
-4726 -2404
659 -1831
-642 -4146
-3094 70
-1655 3145
-1113 -3737
-565 4414
-3789 -2521
-4139 4712
605 -3075
-3844 -4824
3531 -745
-4104 -3027
4174 4991
3260 2943
2372 -308
-3056 2409
-3162 1064
-2710 3457
3074 2937
-1157 -4875
2499 4799
1877 -1437
684 249
-2710 -2092
4452 2020
-4560 3575
-3046 -4223
4833 -4378
-454 529
831 -505
4616 -2641
-3003 1073
-791 -2997
600 -2279
-2398 -2833
-4980 -3080
1576 -209
1123 4346
1126 -4542
32 -2426
3148 4167
-4790 1189
-4668 -986
-548 -831
2321 -3195
-4343 -452
4112 -4269
-1187 -4711
-512 -3740
3598 -1030
174 1370
-2047 1704
-2151 3036
3257 4985
997 2742
4827 -1311
-4709 4316
-1587 3879
-4195 -1860
812 -270
-2506 1727
-4051 2209
-1184 3564
363 260
-1632 -3158
1423 -3318
3291 4943
478 -2633
1308 -2855
3020 1074
-4306 -2600
3406 9
3171 -2937
-4227 3505
1879 -1435
151 -867
-3201 -2540
-2881 1706
379 -1618
948 -4058
2363 2542
-289 -1093
1997 1906
2423 2507
1572 -1621
-1 -1207
4004 4734
2718 4482
346 -2901
4607 -858
3625 2039
1215 2775
2111 -3496
-3389 1373
214 2876
3084 -1501
2966 4934
-221 4193
-2585 4407
-2737 1783
-3915 -1339
4038 -3997
1532 250
-3713 -2736
-4061 -2468
4197 763
4341 -1052
1416 114
1178 4222
-1010 -4388
3716 924
-393 399
-3851 -1050
1406 786
1070 3938
-421 -2113
-3054 -452
-3723 3716
4826 3362
757 4103
-607 15
374 1924
-129 -4142
-2728 932
1827 -358
4867 859
4474 4224
4169 -2114
-4068 2257
3028 80
2757 -4954
-2417 312
-1919 3490
3185 176
1937 -4936
-4205 -916
-742 -3945
1363 1396
2380 -1101
2305 112
384 -944
3607 -1824
4747 1133
3301 -2779
-4272 -4469
-598 -4529
4865 -3239
1855 -4812
-4363 702
-3779 -3462
2053 -79
-4465 -1855
-287 -2696
3666 -4432
2432 -2196
-3464 3594
1268 1541
-2836 -2467
2412 -1049
4576 2759
-2733 4761
1267 -4412
3893 -2674
-2610 2873
610 3313
-1987 -249
4139 274
-1093 -740
-2518 -4857
966 -1157
-1890 -1375
-2511 1094
4451 4573
536 2918
-2304 -654
-4610 -3496
4602 -1906
-1037 3731
4646 1240
3617 -3399
-4484 -3919
646 1626
-1705 -3363
572 -672
-807 4903
4131 -2357
-261 -2090
1024 809
4097 -3030
-3138 -992
972 3458
3379 2332
-1479 -2706
-322 -64
-136 556
-4980 1594
4231 1554
3162 -3128
-1044 -2505
4389 4081
1009 77
477 -4078
-4582 -1730
1800 -3579
1410 -1709
83 -401
-4125 1211
-3485 2503
3077 -3298
537 -1698
-2882 -4225
-2973 -1121
2231 -1737
4704 965
687 -1069
-2516 3763
4936 348
-1287 -1116
2847 -1761
862 2448
2314 3785
489 4087
-2182 -4415
-3407 -1155
-864 2082
-4553 -3054
1148 -2781
2506 3213
-1760 3380
-4775 -2076
-3245 135
1315 -885
-4239 -2151
3146 -4490
-4256 2572
4742 941
4749 2162
4998 987
-1915 -4184
-3822 819
3568 3324
4828 -2192
631 -211
-2012 2070
-2906 974
2667 -3958
-3219 -3274
3471 427
-2752 4407
3572 -4372
1134 360
-2092 1120
-2721 -2030
-4146 2336
-4105 -925
-2134 -805
1799 1763
-2532 2603
3219 -47
-3017 -1264
-1395 392
-536 -1893
-3904 -733
-4477 2313
-2791 1610
4428 2154
-3472 -743
4156 1181
-2812 427
3107 -3926
1460 -1624
-164 -3509
4251 2968
-3924 -3944
1363 -237
1124 3757
-1415 -4474
-1657 522
-1231 -1468
-283 -2104
2768 -1785
-4027 579
-1912 2785
1217 -3192
4481 -2172
1883 1884
785 -2807
2782 -4154
-3042 3345
3199 682
875 -3242
4770 -1389
-2369 3389
-3495 -4963
1523 -1349
-41 -1156
-4679 -1391
2979 -836
-374 -1643
-3800 -3674
-40 142
-4695 -1205
-3134 -2516
4066 -640
3494 2209
-103 1430
-3248 -992
-684 -3083
-639 865
868 309
4843 -18
-2002 -2599
4872 381
-1029 2600
-1173 265
-2107 1609
30 -4561
-3326 -1062
746 -2749
1373 1229
-3643 -4227
191 -4224
3494 -3836
-4579 3272
2772 4292
-69 -3911
-4084 -401
-2450 -2093
-527 4702
4447 1100
3470 545
-1044 3879
1111 -3733
4600 -2465
862 2323
4531 -3310
3441 392
-1612 4364
4448 2821
-3150 2334
-4068 3709
-1422 -69
3355 691
2667 -2257
-2311 -4056
-1227 -3524
2184 353
4976 -1101
-1928 -1915
4689 -4485
4945 4160
-345 4001
2077 -4297
2060 2637
-573 -4807
1271 124
-3634 -1971
4798 4767
-4484 -2178
-408 3040
-4782 -3184
641 2700
3309 973
2471 2465
-2445 -3279
3233 3781
-2488 -4610
4863 352
-1844 -963
-3860 -2392
-2430 3730
-4624 -1721
3852 -518
3106 -165
594 1908
27 2057
-2623 -3751
3957 4527
1936 -71
1171 -1051
4637 4227
2042 911
2614 -4975
1261 1746
-3516 -402
3606 2784
370 -939
-2096 -3134
-1973 -4665
4354 1633
-495 -4343
-2122 1568
1962 1991
-3097 -470
3301 3081
3240 1076
-2101 2001
706 2638
3936 -2115
-2730 2219
-2856 1215
-1888 122
886 -2474
-2068 1105
160 -3015
1426 -2699
3118 -336
4845 2665
-143 4191
-2646 -3568
-3887 4528
-3092 -1840
3231 412
-1780 2069
1225 3573
-4611 -2833
2156 -2317
4142 -2566
-3357 -3623
1880 2056
-147 -3533
3079 3437
-4899 -3857
2070 2278
3323 -91
-2301 -4906
-472 -1148
2433 -769
782 298
-4436 -343
294 607
1480 4931
-93 3727
1938 931
-4804 338
-3272 -4197
-4200 1146
836 2859
2769 -1160
1555 -340
2026 -3140
4389 -976
61 -3305
-1155 1908
2269 -3634
-2217 3230
-646 4686
-2567 -4679
-3645 -1194
-1102 -2182
-1210 1605
1136 2959
643 -527
4286 1283
4367 -4815
-2695 -608
3923 3624
2164 -3039
-2444 -146
2194 2515
3310 4349
3360 1288
4458 -2475
3525 -889
3055 -3588
1265 3075
1684 -2570
-1005 -634
-1052 -484
-3529 -1574
4474 844
3532 4885
-2341 -1043
-3212 -1250
3923 1598
-2844 1952
3431 -870
-3381 10
3034 3481
-3952 -128
75 -4730
-3116 -62
-725 2088
-4522 3478
-4371 -624
-427 1588
-1578 -658
-2016 -2529
-2076 -3248
-3079 2043
-4613 3785
-663 1855
4730 -1623
253 4473
173 -562
4621 -392
3979 -3849
-1875 3754
-1873 2913
1053 -3182
-2508 -3152
-3781 -3499
1321 3148
-3064 1394
-4956 917
4504 -1173
1171 -908
1859 4757
3629 3631
-2775 -4664
-2393 -2919
3842 3907
691 3172
-3998 4815
-4093 -1309
-1188 -4418
-3829 2737
-2690 -2992
-1212 -184
4362 866
349 -1265
-2892 -1805
-1620 3811
-169 4532
3987 416
-3549 -1076
-3747 1132
4609 -1819
-2921 -112
-3785 1047
-2229 -444
-3882 862
-3112 2470
-752 3770
1358 551
-3592 2899
-2587 498
-3214 -121
-4787 -2487
4633 -1982
-1169 4990
-4977 -3703
2387 -2724
4383 -1981
-821 -1889
-914 -332
765 3702
-4896 4471
-2338 3251
-2441 4631
2473 2877
3703 1386
-1618 2899
1956 3082
-4216 -4004
2429 690
-1129 2831
4338 -2398
220 4156
-177 623
83 -4138
2381 474
4666 -1570
1950 4331
3520 4925
-1849 3882
2729 4781
4378 -4935
-4898 -2811
3088 3377
-3087 -673
-4794 -1080
558 4567
-1825 3660
3388 -3998
1063 3887
3651 -2647
-4697 2687
2744 592
548 64
4692 2727
4146 -3976
-269 -1491
4102 -1370
-72 -100
3050 4896
-3459 2229
-4903 760
4455 1065
-2614 1755
-4327 2161
-695 3974
4927 218
784 -235
-2933 4192
-2346 -4695
1677 -4362
-4354 -3468
-1350 3936
4000 -4172
-3137 2109
-3084 3290
-4145 -1372
-3238 -217
-2120 3145
1127 -1214
-2076 -1108
4170 2296
2988 1951
-4691 -4912
1014 3746
-409 -3302
-1105 -4323
3294 2659
4627 -2871
1114 1239
4025 1259
-4620 -2364
-468 414
349 -4441
-4988 -4964
2811 -1370
1396 4553
4494 57
364 4652
-143 70
-2 -3446
-3076 -3209
-1267 -31
-2394 2057
2482 -4338
1224 2164
2089 -357
3149 -3246
-2200 3080
-2203 -1858
335 -1195
-1863 1323
-2598 4330
-3959 -514
-1452 -1148
16 2312
-618 -1844
1625 2788
1469 -4236
-3429 -4918
1786 3697
-256 -1763
3938 4624
2835 -1881
2966 1927
792 -4465
-3971 4297
3253 1988
-387 -4460
-34 -71
4664 4843
-769 -1091
2371 3739
-1566 -2682
-638 1757
-176 -1303
-2641 -633
4964 2232
3946 3631
1819 2952
-2230 4189
2056 4222
-3790 2875
4052 -298
2798 4364
898 -3008
-4964 -1514
1089 -2105
1576 -2547
4250 -1297
-1744 -2243
-4183 1099
662 -2796
-743 216
-4252 -4518
-680 -4215
-3559 3631
4522 -2721
1602 -4273
2073 -4715
-380 4084
-1399 2886
3701 2632
2986 1323
4074 -572
-985 1493
-3813 -150
4619 -989
3907 3932
995 -3327
4244 3656
910 -3443
2983 1057
-1439 -809
-1775 -2262
-1288 -1100
2929 -1711
-4521 2527
-2315 -4955
-4818 -2691
4732 -1050
3675 -1749
-505 2968
-1015 294
4121 -2573
646 2503
-3090 4250
1474 -1991
2167 4454
3315 8
2867 -2193
-3963 -584
-3895 -1593
3199 2735
-878 -3726
2994 -4416
323 -3851
-4950 4309
408 -2822
-569 -88
-1011 -963
4885 -130
-3371 1175
1015 2081
4110 1540
-2030 -2840
-4 2851
501 -2779
-1903 3497
2455 -4710
2238 -3150
857 -807
963 -2858
618 -1625
2258 324
2169 -420
-62 -4578
1365 1818
3023 -4784
-2031 -4744
2495 990
787 -3398
-1024 1081
555 2318
956 2365
1713 4037
-2690 -2854
343 -181
-3073 -419
-755 -2010
2393 -901
-2860 -1929
-1107 -2599
-3222 -576
575 331
-1804 1843
31 -1225
-166 -4734
-2813 -3867
-4725 1416
191 1830
3826 -3214
3015 3853
3696 3724
3611 -3890
1721 2468
2849 4578
-4485 3181
2145 212
-2536 323
921 987
2293 4565
2017 3189
2410 -796
2761 -1284
-2166 3942
-3074 -3753
1501 -1561
-4261 -880
2265 -1394
4700 -819
2896 1767
-3170 -4755
2706 18
-1981 642
-1150 -1705
865 4149
-474 1203
-3670 -4086
3481 -1564
-1498 -4543
-965 3406
-2788 -458
-1128 791
-2576 3478
4101 4725
1590 1070
4438 946
-4347 3665
1661 4473
-3882 -2538
4606 2336
1851 428
-2610 -639
573 1787
-4503 -4265
2718 4329
1234 4033
1390 4965
981 4502
-1656 -3853
921 1414
-4388 661
3665 -2151
-2968 -2190
4497 -3338
3071 -315
1918 2450
4348 2581
-3170 -4349
-2593 2716
-4657 3055
4069 -841
-2269 870
-1161 4537
3017 457
-3207 -3700
2471 -139
-781 1781
-1485 32
4652 4274
-2063 -4913
-3663 -125
1079 -1679
-1850 -477
-4196 1932
3523 -1471
-3554 2722
-4096 -1169
-2989 -3777
891 -138
2056 3154
4518 756
-2443 1030
-4626 4788
-3151 2075
965 -3848
1810 3334
1681 4340
2956 -4222
-2402 -3126
1339 -2143
-2386 -3426
2476 3555
-2559 1110
821 3089
80 4512
-3339 2807
-4590 -880
-2122 -1780
-1262 -1372
-4593 4159
4920 -859
3926 2223
-3997 4860
-2877 -217
952 4783
-3857 1413
2932 -937
-149 3638
797 -2625
-4915 3983
1191 -4101
-58 -4310
-1805 -3837
-1473 171
466 -1014
-1375 -994
-3561 2319
4371 720
-2518 2703
